=== CONTROL SYSTEM DESIGN DATA ===

--- Matrix A (Linearized) ---
[[  0.        1.        0.        0.        0.        0.     ]
 [ 69.44421   0.      -21.09013   0.        0.        2.14121]
 [  0.        0.        0.        1.        0.        0.     ]
 [-38.38404   0.       51.91176   0.        0.        0.59903]
 [  0.        0.        0.        0.        0.        1.     ]
 [ -1.22335   0.       -0.18805   0.        0.       -0.4969 ]]

--- Matrix B ---
[[ 0.     ]
 [-4.28242]
 [ 0.     ]
 [-1.19806]
 [ 0.     ]
 [ 0.99381]]

--- Matrix C ---
[[1. 0. 0. 0. 0. 0.]
 [0. 0. 1. 0. 0. 0.]
 [0. 0. 0. 0. 1. 0.]]

--- Matrix D ---
[[0.]
 [0.]
 [0.]]

--- LQR Gain (Kd) ---
[[-174.28023  -13.54016  192.7452    25.0473     2.60554    3.55578]]

--- Kalman Gain (Ld) ---
[[ 8.24603e-02 -1.90929e-02 -9.61705e-04]
 [ 6.71350e-01 -2.61663e-01 -8.19047e-03]
 [-1.94939e-02  7.44549e-02 -1.69963e-04]
 [-3.45015e-01  5.44456e-01  1.05047e-03]
 [-9.77532e-04 -1.78583e-04  2.21566e-02]
 [-1.14277e-02 -7.19380e-04  2.92636e-04]]
