=== CONTROL SYSTEM DESIGN DATA ===

--- Matrix A (Linearized) ---
[[ 1.00537e+00  1.00179e-02 -1.73231e-03 -5.77068e-06  0.00000e+00
   0.00000e+00]
 [ 1.07473e+00  1.00537e+00 -3.47018e-01 -1.73231e-03  0.00000e+00
   0.00000e+00]
 [-4.67001e-03 -1.55567e-05  1.00426e+00  1.00142e-02  0.00000e+00
   0.00000e+00]
 [-9.35498e-01 -4.67001e-03  8.53758e-01  1.00426e+00  0.00000e+00
   0.00000e+00]
 [-1.64390e-04 -5.47764e-07  6.80362e-06  2.26091e-08  1.00000e+00
   1.00000e-02]
 [-3.29084e-02 -1.64390e-04  1.37116e-03  6.80362e-06  0.00000e+00
   1.00000e+00]]

--- Matrix B ---
[[-2.79248e-04]
 [-5.59013e-02]
 [ 3.11563e-05]
 [ 6.27907e-03]
 [ 4.97844e-05]
 [ 9.95841e-03]]

--- Matrix C ---
[[1. 0. 0. 0. 0. 0.]
 [0. 0. 1. 0. 0. 0.]
 [0. 0. 0. 0. 1. 0.]]

--- Matrix D ---
[[0.]
 [0.]
 [0.]]

--- LQR Gain (Kd) ---
[[-165.77259   -2.68195  240.53837   27.06664   10.74245   15.80997]]

--- Kalman Gain (Ld) ---
[[ 9.69469e-01 -8.22315e-03 -2.60973e-04]
 [ 1.97491e+00 -9.61671e-01 -2.49911e-02]
 [-1.13125e-02  9.69876e-01  1.10876e-04]
 [-1.55329e+00  1.90438e+00  1.07046e-02]
 [-4.32793e-04  1.17376e-04  9.55167e-01]
 [-5.78978e-02  1.19776e-02  6.82804e-02]]
