=== CONTROL SYSTEM DESIGN DATA ===

--- Matrix A (Linearized) ---
[[  0.        1.        0.        0.        0.        0.     ]
 [ 68.54962   0.       -9.89888   0.        0.        2.36685]
 [  0.        0.        0.        1.        0.        0.     ]
 [-48.50451   0.       61.83724   0.        0.        0.53804]
 [  0.        0.        0.        0.        0.        1.     ]
 [ -2.25269   0.       -0.10451   0.        0.       -0.49101]]

--- Matrix B ---
[[ 0.     ]
 [-4.7337 ]
 [ 0.     ]
 [-1.07609]
 [ 0.     ]
 [ 0.98202]]

--- Matrix C ---
[[1. 0. 0. 0. 0. 0.]
 [0. 0. 1. 0. 0. 0.]
 [0. 0. 0. 0. 1. 0.]]

--- Matrix D ---
[[0.]
 [0.]
 [0.]]

--- LQR Gain (Kd) ---
[[-144.92349  -10.65437  152.37931   18.83853    0.71371    1.30872]]

--- Kalman Gain (Ld) ---
[[ 9.57687e-01 -6.52071e-04  5.63269e-05]
 [ 7.89119e-01 -1.49070e-01  1.08002e-02]
 [-1.15805e-03  9.57212e-01  2.06127e-05]
 [-3.42641e-01  6.81694e-01  3.93940e-03]
 [ 2.63708e-05  1.91651e-05  9.54475e-01]
 [-6.14551e-04  3.39439e-03  4.56159e-03]]
