=== CONTROL SYSTEM DESIGN DATA ===

--- Matrix A (Linearized) ---
[[ 1.00361e+00  1.00120e-02 -8.71041e-04 -2.90195e-06  0.00000e+00
   1.10575e-04]
 [ 7.22123e-01  1.00361e+00 -1.74437e-01 -8.71041e-04  0.00000e+00
   2.21107e-02]
 [-4.83703e-03 -1.61150e-05  1.00436e+00  1.00145e-02  0.00000e+00
  -1.90985e-05]
 [-9.68674e-01 -4.83703e-03  8.73628e-01  1.00436e+00  0.00000e+00
  -3.83716e-03]
 [-1.21245e-04 -4.04216e-07  3.77110e-06  1.25484e-08  1.00000e+00
   9.97544e-03]
 [-2.42444e-02 -1.21245e-04  7.57670e-04  3.77110e-06  0.00000e+00
   9.95091e-01]]

--- Matrix B ---
[[-2.21149e-04]
 [-4.42213e-02]
 [ 3.81970e-05]
 [ 7.67433e-03]
 [ 4.91215e-05]
 [ 9.81714e-03]]

--- Matrix C ---
[[1. 0. 0. 0. 0. 0.]
 [0. 0. 1. 0. 0. 0.]
 [0. 0. 0. 0. 1. 0.]]

--- Matrix D ---
[[0.]
 [0.]
 [0.]]

--- LQR Gain (Kd) ---
[[-108.32837   -5.01917  112.64972   11.91807    0.48474    0.86038]]

--- Kalman Gain (Ld) ---
[[ 1.52856e-01 -5.43923e-02 -3.40312e-03]
 [ 1.25160e+00 -6.56840e-01 -3.07481e-02]
 [-6.12186e-02  2.01569e-01  8.75998e-04]
 [-1.40034e+00  2.09329e+00  2.69591e-02]
 [-3.50997e-03  7.39997e-04  4.38950e-02]
 [-4.19150e-02  1.21006e-02  1.32702e-03]]
