=== CONTROL SYSTEM DESIGN DATA ===

--- Matrix A (Linearized) ---
[[ 1.00069e+00  5.00115e-03 -2.44995e-05 -4.08305e-08  0.00000e+00
   2.68107e-05]
 [ 2.75103e-01  1.00069e+00 -9.80105e-03 -2.44995e-05  0.00000e+00
   1.07211e-02]
 [-1.36050e-04 -2.26738e-07  1.00012e+00  5.00020e-03  0.00000e+00
  -5.35970e-07]
 [-5.44268e-02 -1.36050e-04  4.91177e-02  1.00012e+00  0.00000e+00
  -2.14548e-04]
 [-2.93980e-05 -4.90045e-08  1.05830e-07  1.76338e-10  1.00000e+00
   4.99386e-03]
 [-1.17557e-02 -2.93980e-05  4.23637e-05  1.05830e-07  0.00000e+00
   9.97544e-01]]

--- Matrix B ---
[[-5.36214e-05]
 [-2.14422e-02]
 [ 1.07194e-06]
 [ 4.29095e-04]
 [ 1.22823e-05]
 [ 4.91102e-03]]

--- Matrix C ---
[[1. 0. 0. 0. 0. 0.]
 [0. 0. 1. 0. 0. 0.]
 [0. 0. 0. 0. 1. 0.]]

--- Matrix D ---
[[0.]
 [0.]
 [0.]]

--- LQR Gain (Kd) ---
[[-53.55695  -4.18957  66.70087  21.24665   0.54698   1.26062]]

--- Kalman Gain (Ld) ---
[[ 7.61194e-02 -6.96310e-03 -1.83162e-03]
 [ 5.38347e-01 -6.15884e-02 -1.47619e-02]
 [-7.15256e-03  3.86381e-02  1.44334e-04]
 [-1.00575e-01  1.06051e-01  2.43332e-03]
 [-1.86598e-03  1.41611e-04  2.21987e-02]
 [-2.18055e-02  1.87512e-03  7.23369e-04]]
