=== CONTROL SYSTEM DESIGN DATA ===

--- Matrix A (Linearized) ---
[[ 0.00000e+00  1.00000e+00  0.00000e+00  0.00000e+00  0.00000e+00
   0.00000e+00]
 [ 7.22834e+01  0.00000e+00 -1.48593e+01  0.00000e+00  0.00000e+00
   2.45332e+00]
 [ 0.00000e+00  0.00000e+00  0.00000e+00  1.00000e+00  0.00000e+00
   0.00000e+00]
 [-7.02934e+01  0.00000e+00  7.79380e+01  0.00000e+00  0.00000e+00
   3.26601e-01]
 [ 0.00000e+00  0.00000e+00  0.00000e+00  0.00000e+00  0.00000e+00
   1.00000e+00]
 [-1.99468e+00  0.00000e+00 -5.61333e-02  0.00000e+00  0.00000e+00
  -5.06728e-01]]

--- Matrix B ---
[[ 0.     ]
 [-4.90664]
 [ 0.     ]
 [-0.6532 ]
 [ 0.     ]
 [ 1.01346]]

--- Matrix C ---
[[1. 0. 0. 0. 0. 0.]
 [0. 0. 1. 0. 0. 0.]
 [0. 0. 0. 0. 1. 0.]]

--- Matrix D ---
[[0.]
 [0.]
 [0.]]

--- LQR Gain (Kd) ---
[[-151.74321   -8.89504  167.42597   18.5549     2.58122    3.37848]]

--- Kalman Gain (Ld) ---
[[ 8.09348e-02 -2.25521e-02 -1.46359e-03]
 [ 6.63324e-01 -2.72993e-01 -1.31707e-02]
 [-2.38222e-02  9.35463e-02  1.75342e-04]
 [-5.38142e-01  8.80188e-01  7.54860e-03]
 [-1.48729e-03  1.53475e-04  2.21749e-02]
 [-1.80196e-02  2.98340e-03  4.95963e-04]]
